name:Repartition of the dates
xlabel:dates
ylabel:number of entreprise (%)
typeyaxis:linear
x:1950,1951,1952,1953,1954,1955,1956,1957,1958,1959,1960,1961,1962,1963,1964,1965,1966,1967,1968,1969,1970,1971,1972,1973,1974,1975,1976,1977,1978,1979,1980,1981,1982,1983,1984,1985,1986,1987,1988,1989,1990,1991,1992,1993,1994,1995,1996,1997,1998,1999,2000,2001,2002,2003,2004,2005,2006,2007,2008,2009,2010,2011,2012,2013,2014,2015
y1:969,57,53,92,1168,1703,1667,2824,1810,837,1070,877,1003,1797,3556,4940,1659,1544,1828,2179,2311,2318,2665,3077,2999,3107,3766,4249,14101,5946,10497,7214,9511,16033,9251,10288,12371,12456,13674,15481,15903,15045,15256,15047,15980,15878,15986,16684,16856,17189,18653,18803,18967,20596,24109,25436,26383,28282,27396,25997,28799,26231,19966,13898,6576,5
name1:BalAG stats
percent:True
y2:16388,1275,1970,2061,10127,14278,14246,22289,19290,17137,22117,16588,18972,39141,75164,46946,30239,28825,46212,38645,37447,43195,50846,52692,55788,57997,71964,77238,165580,155417,212604,194152,221822,224723,246548,282897,329705,384491,385441,418870,425208,385454,372227,377799,401408,437236,368940,376374,369191,383088,383688,375513,379292,423386,475922,494136,544691,537734,563511,715129,762561,644921,633417,627129,630705,338428
name2:Global stats
