name:Repartition of scoreCH
xlabel:score
ylabel:number of entreprises
typeyaxis:linear
x:-7,-6,-5,-4,-3,-2,-1,0,1,2,3,4,5,6,7,8,9,10,11,12,13,14,15,16,17,18,19,20
y1:19951,1631,1989,2237,2698,3003,9464,4203,4945,5817,6507,7939,9370,10676,12262,13759,15236,17023,18555,19724,20998,21569,21695,21393,20979,19671,204968,0,0,0,0,0,0,0,0,0,0,0,0,0,0,0,0,0,0,0,0,0,0,0
name1:scoreCH merged
percent:True
y2:49677,3517,4120,4538,5457,6020,26245,7928,9197,10485,11674,13616,15763,17844,20200,22513,24771,27322,29431,31480,32843,33772,34067,33392,32948,30815,352095,0,0,0,0,0,0,0,0,0,0,0,0,0,0,0,0,0,0,0,0,0,0,0
name2:scoreCH global
