name:Repartition of scoreZ
xlabel:score
ylabel:number of entreprises
typeyaxis:linear
x:-20,-19,-18,-17,-16,-15,-14,-13,-12,-11,-10,-9,-8,-7,-6,-5,-4,-3,-2,-1,0,1,2,3,4,5,6,7,8,9,10,11,12,13,14,15,16,17,18,19,20
y1:10358,506,599,654,714,856,971,1155,1266,1527,1797,2229,2803,3326,4517,6310,8842,14396,25984,56386,131846,137015,45031,17812,9194,5963,4047,2807,2122,1652,1417,1189,919,907,672,588,567,457,428,391,8042,0,0,0,0,0,0,0,0,0
name1:scoreZ merged
percent:True
y2:22248,1066,1235,1385,1534,1770,2020,2334,2577,3155,3629,4359,5517,6664,8733,11797,16690,26160,44926,91352,203231,230172,78891,33018,18069,11851,8354,6016,4570,3727,3073,2611,2051,1930,1536,1354,1246,1062,959,879,17979,0,0,0,0,0,0,0,0,0
name2:scoreZ global
