name:Repartition of scoreSolv
xlabel:score
ylabel:number of entreprises
typeyaxis:linear
x:0,1,2,3,4,5,6,7,8,9,10,11,12,13,14,15,16,17,18,19,20,21,22,23,24,25,26,27,28,29,30,31,32,33,34,35,36,37,38,39,40,41,42,43,44,45,46,47,48,49,50,51,52,53,54,55,56,57,58,59,60,61,62,63,64,65,66,67,68,69,70,71,72,73,74,75,76,77,78,79,80,81,82,83,84,85,86,87,88,89,90
y1:541,0,0,0,6,0,0,0,0,0,0,0,0,0,0,0,0,0,1,2,9,59,88,248,427,564,1091,1463,1839,2804,3189,3673,4884,5017,5574,6002,6436,7176,7135,4804,3959,4034,4423,4343,13654,14231,19556,16860,16033,28414
name1:scoreSolv merged
percent:True
y2:1352,0,0,0,15,0,0,0,0,0,0,0,0,0,0,0,0,0,2,4,23,239,291,845,1515,1730,3484,4450,4882,7332,8039,8629,11133,11449,11866,12848,13994,14249,14970,13901,11104,11564,12324,11771,28752,23085,31057,27625,25321,43251
name2:scoreSolv global
