name:Repartition of scoreAltman
xlabel:score
ylabel:number of entreprises
typeyaxis:linear
x:0,1,2,3,4,5,6,7,8,9,10,11,12,13,14,15,16,17,18,19,20
y1:39850,69964,129253,147349,80995,28601,10369,4485,2207,1254,790,479,399,249,206,167,130,110,100,77,1228,0,0,0,0,0,0,0,0,0,0,0,0,0,0,0,0,0,0,0,0,0,0,0,0,0,0,0,0,0
name1:scoreAltman merged
percent:True
y2:101080,128677,204377,222493,129560,51985,21179,9958,5341,3212,2160,1511,1138,798,690,556,464,398,375,275,5503,0,0,0,0,0,0,0,0,0,0,0,0,0,0,0,0,0,0,0,0,0,0,0,0,0,0,0,0,0
name2:scoreAltman global
